apartment_id,RatingPrediccion_scaled
251414,1.0
290608,1.0
309063,0.0
1503655,1.0
1550449,0.8265401369312133
1560753,1.0
1676806,1.0
2538085,1.0
2787408,0.6938394522751465
3335550,1.0
3410502,1.0
4652482,0.6938394522751465
4846619,1.0
5186683,0.9132700684656067
5555181,0.5203795892063598
6242962,0.7520379589206361
6534803,1.0
6627075,0.63009489730159
7427199,0.904075917841272
7928490,0.6938394522751465
10115921,0.4932071369312134
10354347,0.6938394522751465
10782351,1.0
11796483,0.0
12857841,0.7312795861452314
14146422,1.0
14173253,0.7823064461528895
14360913,1.0
14385513,0.6938394522751465
15963882,0.8469197261375733
16155960,0.6360197291987018
16241397,0.5867299315343933
16775246,0.6938394522751465
17897640,0.6938394522751465
17971704,0.6938394522751465
18137446,0.7938706683039594
18277596,0.6938394522751465
19559597,0.8503420553894019
19585860,0.5203795892063598
21061587,0.6938394522751465
21155900,0.6632700684656068
21174788,0.666667
21493665,0.9653080273862427
21497042,1.0
21654414,0.8333329999999999
21686582,1.0
21954331,0.8265401369312133
22134640,0.6938394522751465
23219274,1.0
23298687,0.36990510269841004
23755792,0.0
24298167,0.7764840591221098
24418052,0.9132700684656067
24492886,0.2601897946031799
24652972,0.6081518356825439
24755982,0.0
25134372,0.5203795892063598
25239252,1.0
25241699,1.0
25570581,0.7469197261375733
25723457,0.7601897946031799
25819967,0.8469197261375733
25845370,0.8469197261375733
25881010,1.0
26669415,0.6530802738624267
26712529,0.8035547603703767
27156355,0.7588107784637146
27226157,0.6224330030611285
27383511,0.41327006846560665
27452326,0.0
27586912,1.0
27624168,0.6938394522751465
27675306,0.9017773801851883
27794194,0.8469197261375733
27873052,0.75
27942191,0.6938394522751465
28055051,0.690047448650795
28061127,0.6938394522751465
28197193,0.0
28214469,0.6938394522751465
28250649,0.4778833484502904
28307606,1.0
28475232,1.0
28508345,0.0
28603723,0.8469197261375733
28848228,0.5067928630687866
28911645,1.0
28997335,0.6938394522751465
29078967,0.875
29110619,1.0
29249672,0.7653080273862426
29274583,0.6938394522751465
29332500,0.6938394522751465
29358615,1.0
29432887,1.0
29456207,1.0
29508303,1.0
29562736,1.0
29863999,0.6938394522751465
29877023,1.0
30194213,0.8843598600076581
30222713,0.17345986306878663
30242109,1.0
30259670,0.0
30261600,0.6938394522751465
30361820,0.666667
30671405,0.6530802738624267
30673003,0.6938394522751465
30876582,0.6530802738624267
30921897,0.7168248288359833
30973353,0.0
30978373,0.0
31036628,1.0
31167868,1.0
31208538,1.0
31507104,0.5867299315343933
31644399,1.0
32008854,1.0
32174629,1.0
